NAME	= chiloe
DESCRIPTION	= 
UNIT	= 
DATAFORMAT	= FLOAT
DATAFILE_OFFSET	= 0
BYTEORDER_BIG	= FALSE
TOPTOBOTTOM	= FALSE
POSITION_XMIN	= -74.8483333333333150
POSITION_YMIN	= -43.6819444444444187
CELLCOUNT_X	= 6460
CELLCOUNT_Y	= 6896
CELLSIZE	= 0.0002777777777778
Z_FACTOR	= 1.000000
Z_OFFSET	= 0.000000
NODATA_VALUE	= -99999.000000;-99999.000000
